image_name: img_0046.png
mask_name: img_0046_pred_mask.png
valid_rows: 22
mean_width: 165.59091186523438
max_width: 271.0
min_width: 4.0
std_width: 92.70071411132812
centerline_fit_slope: 24.595990965555966
centerline_fit_bias: -8486.311688311609
mean_abs_center_residual: 31.21235466003418
max_abs_center_residual: 85.0731201171875
