image_name: img_0177.png
mask_name: img_0177_pred_mask.png
valid_rows: 452
mean_width: 6.092920303344727
max_width: 8.0
min_width: 3.0
std_width: 0.8699727654457092
centerline_fit_slope: 0.8661596200229926
centerline_fit_bias: 132.62679296744685
mean_abs_center_residual: 5.84348726272583
max_abs_center_residual: 15.13092041015625
