image_name: img_0177.png
mask_name: img_0177_pred_mask.png
valid_rows: 219
mean_width: 7.954338073730469
max_width: 11.0
min_width: 4.0
std_width: 1.1734182834625244
centerline_fit_slope: -1.2641362093982416
centerline_fit_bias: 749.0822822291024
mean_abs_center_residual: 2.674440383911133
max_abs_center_residual: 7.628753662109375
