image_name: img_0002.png
mask_name: img_0002_pred_mask.png
valid_rows: 511
mean_width: 8.362034797668457
max_width: 11.0
min_width: 5.0
std_width: 1.1804203987121582
centerline_fit_slope: 0.7496931927736846
centerline_fit_bias: 6.008274981653598
mean_abs_center_residual: 3.8592116832733154
max_abs_center_residual: 7.355560302734375
