image_name: img_0089.png
mask_name: img_0089_pred_mask.png
valid_rows: 169
mean_width: 9.71597671508789
max_width: 19.0
min_width: 5.0
std_width: 2.195162534713745
centerline_fit_slope: 1.8970824424444332
centerline_fit_bias: -379.20663069961677
mean_abs_center_residual: 5.362087249755859
max_abs_center_residual: 14.726852416992188
