image_name: img_0164.png
mask_name: img_0164_pred_mask.png
valid_rows: 351
mean_width: 5.467236518859863
max_width: 7.0
min_width: 3.0
std_width: 0.5976526141166687
centerline_fit_slope: -0.29594128094128047
centerline_fit_bias: 382.54755892255884
mean_abs_center_residual: 3.5392954349517822
max_abs_center_residual: 7.533477783203125
