image_name: img_0164.png
mask_name: img_0164_pred_mask.png
valid_rows: 84
mean_width: 27.047618865966797
max_width: 82.0
min_width: 6.0
std_width: 19.418882369995117
centerline_fit_slope: -5.361354662346867
centerline_fit_bias: 863.5851827477978
mean_abs_center_residual: 26.315731048583984
max_abs_center_residual: 46.39093017578125
