image_name: img_0154.png
mask_name: img_0154_pred_mask.png
valid_rows: 511
mean_width: 7.062622547149658
max_width: 8.0
min_width: 3.0
std_width: 0.6881667971611023
centerline_fit_slope: 0.40292935025037396
centerline_fit_bias: 103.62874954134053
mean_abs_center_residual: 4.948978900909424
max_abs_center_residual: 11.816864013671875
