image_name: img_0154.png
mask_name: img_0154_pred_mask.png
valid_rows: 512
mean_width: 5.59375
max_width: 7.0
min_width: 4.0
std_width: 0.6839396357536316
centerline_fit_slope: -0.48076151423078156
centerline_fit_bias: 352.06698876096465
mean_abs_center_residual: 1.4210516214370728
max_abs_center_residual: 3.3157806396484375
