image_name: img_0016.png
mask_name: img_0016_pred_mask.png
valid_rows: 415
mean_width: 5.481927871704102
max_width: 8.0
min_width: 3.0
std_width: 0.7878817915916443
centerline_fit_slope: -0.6916403909954196
centerline_fit_bias: 291.2201633456905
mean_abs_center_residual: 2.483299493789673
max_abs_center_residual: 5.118958473205566
