image_name: img_0200.png
mask_name: img_0200_pred_mask.png
valid_rows: 264
mean_width: 8.378787994384766
max_width: 11.0
min_width: 3.0
std_width: 1.0803359746932983
centerline_fit_slope: -1.2613487989877978
centerline_fit_bias: 695.5644598108206
mean_abs_center_residual: 3.632478713989258
max_abs_center_residual: 7.684478759765625
