image_name: img_0041.png
mask_name: img_0041_pred_mask.png
valid_rows: 258
mean_width: 9.790698051452637
max_width: 15.0
min_width: 3.0
std_width: 1.8179740905761719
centerline_fit_slope: -1.938561789163544
centerline_fit_bias: 843.29767264841
mean_abs_center_residual: 5.74202823638916
max_abs_center_residual: 15.959136962890625
