image_name: img_0041.png
mask_name: img_0041_pred_mask.png
valid_rows: 512
mean_width: 6.265625
max_width: 8.0
min_width: 3.0
std_width: 0.6121730804443359
centerline_fit_slope: -0.03348513800196829
centerline_fit_bias: 367.3093590095028
mean_abs_center_residual: 3.373631715774536
max_abs_center_residual: 6.9647216796875
