image_name: img_0054.png
mask_name: img_0054_pred_mask.png
valid_rows: 495
mean_width: 6.355555534362793
max_width: 8.0
min_width: 3.0
std_width: 0.7211413383483887
centerline_fit_slope: 0.780681818181818
centerline_fit_bias: 110.31919191919198
mean_abs_center_residual: 2.7047183513641357
max_abs_center_residual: 9.400123596191406
