image_name: img_0004.png
mask_name: img_0004_pred_mask.png
valid_rows: 311
mean_width: 4.472668647766113
max_width: 7.0
min_width: 3.0
std_width: 0.941227376461029
centerline_fit_slope: -0.5454166101505591
centerline_fit_bias: 475.5766733422162
mean_abs_center_residual: 5.095022678375244
max_abs_center_residual: 9.95538330078125
