image_name: img_0004.png
mask_name: img_0004_pred_mask.png
valid_rows: 230
mean_width: 5.843478202819824
max_width: 7.0
min_width: 3.0
std_width: 0.9286858439445496
centerline_fit_slope: -0.4424835843859976
centerline_fit_bias: 422.7643704121967
mean_abs_center_residual: 2.97750186920166
max_abs_center_residual: 6.764373779296875
