image_name: img_0069.png
mask_name: img_0069_pred_mask.png
valid_rows: 229
mean_width: 10.017467498779297
max_width: 16.0
min_width: 4.0
std_width: 2.1776256561279297
centerline_fit_slope: 1.7643864978565655
centerline_fit_bias: 1.0532781069819963
mean_abs_center_residual: 7.554873943328857
max_abs_center_residual: 15.58734130859375
