image_name: img_0254.png
mask_name: img_0254_pred_mask.png
valid_rows: 512
mean_width: 6.14453125
max_width: 8.0
min_width: 3.0
std_width: 0.6176199913024902
centerline_fit_slope: -0.37636963055469713
centerline_fit_bias: 305.55111248172506
mean_abs_center_residual: 2.5239858627319336
max_abs_center_residual: 6.773765563964844
