image_name: img_0098.png
mask_name: img_0098_pred_mask.png
valid_rows: 310
mean_width: 3.9225807189941406
max_width: 5.0
min_width: 3.0
std_width: 0.6578114628791809
centerline_fit_slope: -0.06536303791553658
centerline_fit_bias: 164.1518960789427
mean_abs_center_residual: 2.6722071170806885
max_abs_center_residual: 8.044189453125
