image_name: img_0025.png
mask_name: img_0025_pred_mask.png
valid_rows: 202
mean_width: 14.777227401733398
max_width: 24.0
min_width: 3.0
std_width: 4.504659652709961
centerline_fit_slope: -2.481827195292136
centerline_fit_bias: 806.7734456042472
mean_abs_center_residual: 7.181009769439697
max_abs_center_residual: 14.01605224609375
