image_name: img_0289.png
mask_name: img_0289_pred_mask.png
valid_rows: 9
mean_width: 53.88888931274414
max_width: 109.0
min_width: 6.0
std_width: 37.71366882324219
centerline_fit_slope: 10.93333333333338
centerline_fit_bias: -1848.4222222222318
mean_abs_center_residual: 11.108638763427734
max_abs_center_residual: 22.888885498046875
