image_name: img_0289.png
mask_name: img_0289_pred_mask.png
valid_rows: 510
mean_width: 5.427451133728027
max_width: 6.0
min_width: 3.0
std_width: 0.5141443610191345
centerline_fit_slope: -0.40577793568648035
centerline_fit_bias: 325.8684194306409
mean_abs_center_residual: 3.263725519180298
max_abs_center_residual: 6.7858428955078125
