image_name: img_0112.png
mask_name: img_0112_pred_mask.png
valid_rows: 501
mean_width: 7.506986141204834
max_width: 9.0
min_width: 4.0
std_width: 0.7303316593170166
centerline_fit_slope: 0.7521912350597607
centerline_fit_bias: -15.19815985558764
mean_abs_center_residual: 3.1631197929382324
max_abs_center_residual: 8.424056053161621
