image_name: img_0077.png
mask_name: img_0077_pred_mask.png
valid_rows: 440
mean_width: 6.836363792419434
max_width: 9.0
min_width: 4.0
std_width: 0.8342364430427551
centerline_fit_slope: -1.0224448942965043
centerline_fit_bias: 585.5043327022254
mean_abs_center_residual: 3.0728042125701904
max_abs_center_residual: 7.46600341796875
