image_name: img_0257.png
mask_name: img_0257_pred_mask.png
valid_rows: 306
mean_width: 6.081699371337891
max_width: 8.0
min_width: 3.0
std_width: 1.0080679655075073
centerline_fit_slope: -0.6301867807517076
centerline_fit_bias: 507.86450219894976
mean_abs_center_residual: 5.286214828491211
max_abs_center_residual: 11.14434814453125
