image_name: img_0253.png
mask_name: img_0253_pred_mask.png
valid_rows: 38
mean_width: 21.552631378173828
max_width: 71.0
min_width: 3.0
std_width: 18.498502731323242
centerline_fit_slope: -5.8069263595579335
centerline_fit_bias: 2467.603184155814
mean_abs_center_residual: 17.311357498168945
max_abs_center_residual: 30.4412841796875
