image_name: img_0043.png
mask_name: img_0043_pred_mask.png
valid_rows: 319
mean_width: 12.344827651977539
max_width: 15.0
min_width: 4.0
std_width: 1.3508025407791138
centerline_fit_slope: 1.6371144348494708
centerline_fit_bias: -194.92528612409058
mean_abs_center_residual: 5.202232360839844
max_abs_center_residual: 15.705583572387695
