image_name: img_0027.png
mask_name: img_0027_pred_mask.png
valid_rows: 352
mean_width: 4.636363506317139
max_width: 6.0
min_width: 4.0
std_width: 0.5525112152099609
centerline_fit_slope: 0.2975372322043714
centerline_fit_bias: 307.5784285159286
mean_abs_center_residual: 1.6267527341842651
max_abs_center_residual: 3.514007568359375
