image_name: img_0183.png
mask_name: img_0183_pred_mask.png
valid_rows: 345
mean_width: 6.078260898590088
max_width: 8.0
min_width: 3.0
std_width: 0.7892153263092041
centerline_fit_slope: -0.15673974412175506
centerline_fit_bias: 310.5186562787968
mean_abs_center_residual: 3.7560875415802
max_abs_center_residual: 12.600189208984375
