image_name: img_0241.png
mask_name: img_0241_pred_mask.png
valid_rows: 510
mean_width: 6.6823530197143555
max_width: 9.0
min_width: 3.0
std_width: 0.8123328685760498
centerline_fit_slope: 0.3087627041558608
centerline_fit_bias: 231.70524673523653
mean_abs_center_residual: 3.1666269302368164
max_abs_center_residual: 8.63153076171875
