image_name: img_0241.png
mask_name: img_0241_pred_mask.png
valid_rows: 354
mean_width: 6.073446273803711
max_width: 8.0
min_width: 3.0
std_width: 1.0085655450820923
centerline_fit_slope: -0.839267418985513
centerline_fit_bias: 513.8972963273792
mean_abs_center_residual: 3.9773693084716797
max_abs_center_residual: 7.239990234375
