image_name: img_0282.png
mask_name: img_0282_pred_mask.png
valid_rows: 153
mean_width: 8.026144027709961
max_width: 11.0
min_width: 3.0
std_width: 1.5422066450119019
centerline_fit_slope: 1.840698001688714
centerline_fit_bias: -268.02944303718283
mean_abs_center_residual: 3.8633434772491455
max_abs_center_residual: 12.9486083984375
