image_name: img_0202.png
mask_name: img_0202_pred_mask.png
valid_rows: 504
mean_width: 3.9206349849700928
max_width: 5.0
min_width: 3.0
std_width: 0.6153225302696228
centerline_fit_slope: -0.06245623852359671
centerline_fit_bias: 394.1360528483978
mean_abs_center_residual: 3.1073505878448486
max_abs_center_residual: 5.761322021484375
