image_name: img_0222.png
mask_name: img_0222_pred_mask.png
valid_rows: 419
mean_width: 8.200477600097656
max_width: 46.0
min_width: 6.0
std_width: 4.076581954956055
centerline_fit_slope: -0.9637393820850684
centerline_fit_bias: 447.3220244144755
mean_abs_center_residual: 4.03706693649292
max_abs_center_residual: 27.68887710571289
