image_name: img_0078.png
mask_name: img_0078_pred_mask.png
valid_rows: 369
mean_width: 9.897019386291504
max_width: 14.0
min_width: 3.0
std_width: 1.450246810913086
centerline_fit_slope: 1.3876915489190145
centerline_fit_bias: 12.701340364755032
mean_abs_center_residual: 4.277050495147705
max_abs_center_residual: 14.371826171875
