image_name: img_0198.png
mask_name: img_0198_pred_mask.png
valid_rows: 300
mean_width: 5.960000038146973
max_width: 7.0
min_width: 3.0
std_width: 0.769241988658905
centerline_fit_slope: 0.5197204413382368
centerline_fit_bias: 114.15540691192867
mean_abs_center_residual: 4.055331230163574
max_abs_center_residual: 9.071533203125
