image_name: img_0082.png
mask_name: img_0082_pred_mask.png
valid_rows: 510
mean_width: 3.77647066116333
max_width: 5.0
min_width: 3.0
std_width: 0.6111988425254822
centerline_fit_slope: 0.27441279711820143
centerline_fit_bias: 139.64243229708396
mean_abs_center_residual: 3.8921079635620117
max_abs_center_residual: 7.00469970703125
