image_name: img_0082.png
mask_name: img_0082_pred_mask.png
valid_rows: 511
mean_width: 8.350293159484863
max_width: 11.0
min_width: 3.0
std_width: 1.0433814525604248
centerline_fit_slope: 0.6317237682744324
centerline_fit_bias: 190.76758194716245
mean_abs_center_residual: 3.0677154064178467
max_abs_center_residual: 9.44671630859375
