image_name: img_0015.png
mask_name: img_0015_pred_mask.png
valid_rows: 511
mean_width: 7.093933582305908
max_width: 9.0
min_width: 3.0
std_width: 0.6279391646385193
centerline_fit_slope: -0.5844530620467377
centerline_fit_bias: 362.04072752388663
mean_abs_center_residual: 1.9128772020339966
max_abs_center_residual: 4.2615966796875
