image_name: img_0109.png
mask_name: img_0109_pred_mask.png
valid_rows: 337
mean_width: 6.673590660095215
max_width: 16.0
min_width: 4.0
std_width: 1.2983613014221191
centerline_fit_slope: -0.29183916688196476
centerline_fit_bias: 376.71458655758727
mean_abs_center_residual: 2.2573506832122803
max_abs_center_residual: 25.660919189453125
