image_name: img_0109.png
mask_name: img_0109_pred_mask.png
valid_rows: 344
mean_width: 5.409883499145508
max_width: 9.0
min_width: 3.0
std_width: 0.9419277310371399
centerline_fit_slope: -0.05403203459630285
centerline_fit_bias: 282.1331199314913
mean_abs_center_residual: 1.335192322731018
max_abs_center_residual: 2.9920654296875
