image_name: img_0158.png
mask_name: img_0158_pred_mask.png
valid_rows: 512
mean_width: 5.5390625
max_width: 7.0
min_width: 3.0
std_width: 0.5506011247634888
centerline_fit_slope: 0.22703734221398295
centerline_fit_bias: 227.90211531432723
mean_abs_center_residual: 1.9272747039794922
max_abs_center_residual: 4.03143310546875
