image_name: img_0158.png
mask_name: img_0158_pred_mask.png
valid_rows: 182
mean_width: 11.835165023803711
max_width: 18.0
min_width: 3.0
std_width: 4.076908111572266
centerline_fit_slope: 2.0951727377775753
centerline_fit_bias: -330.1488567586747
mean_abs_center_residual: 7.739533424377441
max_abs_center_residual: 15.267364501953125
