image_name: img_0007.png
mask_name: img_0007_pred_mask.png
valid_rows: 111
mean_width: 15.846846580505371
max_width: 29.0
min_width: 3.0
std_width: 5.762879371643066
centerline_fit_slope: -2.9147464022464047
centerline_fit_bias: 1093.0946618696623
mean_abs_center_residual: 12.590534210205078
max_abs_center_residual: 23.220962524414062
