image_name: img_0234.png
mask_name: img_0234_pred_mask.png
valid_rows: 510
mean_width: 4.06862735748291
max_width: 5.0
min_width: 3.0
std_width: 0.6016286015510559
centerline_fit_slope: 0.17316331813022315
centerline_fit_bias: 294.0773604530223
mean_abs_center_residual: 4.724472999572754
max_abs_center_residual: 10.643310546875
