image_name: img_0210.png
mask_name: img_0210_pred_mask.png
valid_rows: 221
mean_width: 10.063348770141602
max_width: 13.0
min_width: 4.0
std_width: 1.8038585186004639
centerline_fit_slope: -1.4192846898729252
centerline_fit_bias: 866.4944189355954
mean_abs_center_residual: 8.906359672546387
max_abs_center_residual: 16.7037353515625
