image_name: img_0084.png
mask_name: img_0084_pred_mask.png
valid_rows: 160
mean_width: 14.818750381469727
max_width: 27.0
min_width: 3.0
std_width: 4.502598762512207
centerline_fit_slope: -2.740557980780498
centerline_fit_bias: 1031.7416024551737
mean_abs_center_residual: 14.126165390014648
max_abs_center_residual: 26.571929931640625
