image_name: img_0084.png
mask_name: img_0084_pred_mask.png
valid_rows: 487
mean_width: 7.71663236618042
max_width: 10.0
min_width: 3.0
std_width: 1.0655086040496826
centerline_fit_slope: -0.6544366232009999
centerline_fit_bias: 525.5194051616052
mean_abs_center_residual: 4.180809020996094
max_abs_center_residual: 9.176788330078125
