image_name: img_0244.png
mask_name: img_0244_pred_mask.png
valid_rows: 247
mean_width: 5.43319845199585
max_width: 8.0
min_width: 3.0
std_width: 0.9408578872680664
centerline_fit_slope: 0.5102512606032419
centerline_fit_bias: 9.392956230071556
mean_abs_center_residual: 1.4940139055252075
max_abs_center_residual: 5.140289306640625
