image_name: img_0139.png
mask_name: img_0139_pred_mask.png
valid_rows: 203
mean_width: 7.197044372558594
max_width: 10.0
min_width: 4.0
std_width: 0.8825573921203613
centerline_fit_slope: -0.27553069708593536
centerline_fit_bias: 289.2851361780628
mean_abs_center_residual: 0.7615604400634766
max_abs_center_residual: 2.44134521484375
