image_name: img_0246.png
mask_name: img_0246_pred_mask.png
valid_rows: 212
mean_width: 9.268867492675781
max_width: 11.0
min_width: 5.0
std_width: 0.8058586716651917
centerline_fit_slope: -1.2195060283906787
centerline_fit_bias: 495.1743954291788
mean_abs_center_residual: 2.176130533218384
max_abs_center_residual: 5.984130859375
