image_name: img_0298.png
mask_name: img_0298_pred_mask.png
valid_rows: 218
mean_width: 5.490825653076172
max_width: 8.0
min_width: 3.0
std_width: 0.7736534476280212
centerline_fit_slope: 0.8267939599309422
centerline_fit_bias: 70.43807788290633
mean_abs_center_residual: 4.46217679977417
max_abs_center_residual: 12.844329833984375
