image_name: img_0096.png
mask_name: img_0096_pred_mask.png
valid_rows: 481
mean_width: 6.218295097351074
max_width: 10.0
min_width: 3.0
std_width: 1.1855673789978027
centerline_fit_slope: -0.6356840542265841
centerline_fit_bias: 400.3807302494799
mean_abs_center_residual: 3.041077136993408
max_abs_center_residual: 5.4779052734375
