image_name: img_0095.png
mask_name: img_0095_pred_mask.png
valid_rows: 270
mean_width: 3.948148250579834
max_width: 5.0
min_width: 3.0
std_width: 0.6361751556396484
centerline_fit_slope: 0.3058871406557931
centerline_fit_bias: 164.8278867819657
mean_abs_center_residual: 4.304252624511719
max_abs_center_residual: 11.58258056640625
