image_name: img_0021.png
mask_name: img_0021_pred_mask.png
valid_rows: 512
mean_width: 5.78125
max_width: 7.0
min_width: 4.0
std_width: 0.6896274089813232
centerline_fit_slope: 0.26694572475709843
centerline_fit_bias: 153.8227110745613
mean_abs_center_residual: 4.8083295822143555
max_abs_center_residual: 9.516876220703125
