image_name: img_0021.png
mask_name: img_0021_pred_mask.png
valid_rows: 277
mean_width: 7.2490973472595215
max_width: 9.0
min_width: 5.0
std_width: 0.6845701336860657
centerline_fit_slope: 0.006599711597854258
centerline_fit_bias: 365.93524671708235
mean_abs_center_residual: 2.8797287940979004
max_abs_center_residual: 5.310821533203125
