image_name: img_0141.png
mask_name: img_0141_pred_mask.png
valid_rows: 266
mean_width: 4.281954765319824
max_width: 6.0
min_width: 3.0
std_width: 0.7040521502494812
centerline_fit_slope: 0.15166499033252015
centerline_fit_bias: 207.5402100226185
mean_abs_center_residual: 1.9259836673736572
max_abs_center_residual: 3.9281005859375
