image_name: img_0093.png
mask_name: img_0093_pred_mask.png
valid_rows: 302
mean_width: 10.930463790893555
max_width: 19.0
min_width: 3.0
std_width: 2.932767391204834
centerline_fit_slope: 1.7747807398284006
centerline_fit_bias: -36.247843014923426
mean_abs_center_residual: 9.70385456085205
max_abs_center_residual: 18.54827880859375
