image_name: img_0124.png
mask_name: img_0124_pred_mask.png
valid_rows: 509
mean_width: 4.420432090759277
max_width: 6.0
min_width: 3.0
std_width: 0.5980116128921509
centerline_fit_slope: 0.292318307518852
centerline_fit_bias: 173.26769205709914
mean_abs_center_residual: 4.2458271980285645
max_abs_center_residual: 8.0595703125
