image_name: img_0186.png
mask_name: img_0186_pred_mask.png
valid_rows: 67
mean_width: 17.895523071289062
max_width: 60.0
min_width: 4.0
std_width: 14.721427917480469
centerline_fit_slope: -2.826003671482161
centerline_fit_bias: 635.5086599090109
mean_abs_center_residual: 6.0062713623046875
max_abs_center_residual: 15.35190200805664
