image_name: img_0035.png
mask_name: img_0035_pred_mask.png
valid_rows: 88
mean_width: 31.784090042114258
max_width: 83.0
min_width: 4.0
std_width: 16.001739501953125
centerline_fit_slope: 5.862161424395056
centerline_fit_bias: -914.6817653481735
mean_abs_center_residual: 23.690210342407227
max_abs_center_residual: 44.78564453125
