image_name: img_0279.png
mask_name: img_0279_pred_mask.png
valid_rows: 328
mean_width: 10.393292427062988
max_width: 15.0
min_width: 4.0
std_width: 1.8530341386795044
centerline_fit_slope: 1.498183280158281
centerline_fit_bias: 11.644886999328708
mean_abs_center_residual: 5.473867416381836
max_abs_center_residual: 10.361480712890625
