image_name: img_0145.png
mask_name: img_0145_pred_mask.png
valid_rows: 510
mean_width: 5.807843208312988
max_width: 7.0
min_width: 4.0
std_width: 0.5032612085342407
centerline_fit_slope: 0.14031982844541308
centerline_fit_bias: 220.58749951847147
mean_abs_center_residual: 4.268991947174072
max_abs_center_residual: 9.150604248046875
