image_name: img_0020.png
mask_name: img_0020_pred_mask.png
valid_rows: 422
mean_width: 4.537914752960205
max_width: 14.0
min_width: 3.0
std_width: 1.530800223350525
centerline_fit_slope: -0.44743975950507947
centerline_fit_bias: 310.3845961863514
mean_abs_center_residual: 3.302008628845215
max_abs_center_residual: 6.26239013671875
