image_name: img_0090.png
mask_name: img_0090_pred_mask.png
valid_rows: 511
mean_width: 6.8708415031433105
max_width: 9.0
min_width: 4.0
std_width: 0.8433874845504761
centerline_fit_slope: 0.7842867305312534
centerline_fit_bias: 38.21627706090996
mean_abs_center_residual: 4.390890598297119
max_abs_center_residual: 10.283721923828125
