image_name: img_0090.png
mask_name: img_0090_pred_mask.png
valid_rows: 511
mean_width: 5.189824104309082
max_width: 7.0
min_width: 3.0
std_width: 0.7994458675384521
centerline_fit_slope: -0.28493586861114323
centerline_fit_bias: 228.08819639799415
mean_abs_center_residual: 3.617621421813965
max_abs_center_residual: 6.84429931640625
