image_name: img_0159.png
mask_name: img_0159_pred_mask.png
valid_rows: 229
mean_width: 7.279476165771484
max_width: 10.0
min_width: 4.0
std_width: 0.9348039031028748
centerline_fit_slope: -0.9784152568624905
centerline_fit_bias: 491.2458790083239
mean_abs_center_residual: 3.2844929695129395
max_abs_center_residual: 8.80352783203125
