image_name: img_0169.png
mask_name: img_0169_pred_mask.png
valid_rows: 54
mean_width: 38.72222137451172
max_width: 116.0
min_width: 4.0
std_width: 29.784669876098633
centerline_fit_slope: -7.942691061558988
centerline_fit_bias: 2915.0493678927646
mean_abs_center_residual: 12.944840431213379
max_abs_center_residual: 37.350982666015625
