image_name: img_0281.png
mask_name: img_0281_pred_mask.png
valid_rows: 511
mean_width: 5.763209342956543
max_width: 8.0
min_width: 4.0
std_width: 0.7273632884025574
centerline_fit_slope: 0.10646512029469285
centerline_fit_bias: 237.29287441003808
mean_abs_center_residual: 4.020715236663818
max_abs_center_residual: 8.294281005859375
