image_name: img_0132.png
mask_name: img_0132_pred_mask.png
valid_rows: 47
mean_width: 24.36170196533203
max_width: 86.0
min_width: 6.0
std_width: 17.461721420288086
centerline_fit_slope: -6.263413506012951
centerline_fit_bias: 1802.5060129509711
mean_abs_center_residual: 21.849998474121094
max_abs_center_residual: 45.39129638671875
