image_name: img_0083.png
mask_name: img_0083_pred_mask.png
valid_rows: 38
mean_width: 78.78947448730469
max_width: 237.0
min_width: 3.0
std_width: 63.909950256347656
centerline_fit_slope: 14.150672940146595
centerline_fit_bias: -2699.24296969033
mean_abs_center_residual: 34.98862075805664
max_abs_center_residual: 96.204345703125
