image_name: img_0283.png
mask_name: img_0283_pred_mask.png
valid_rows: 379
mean_width: 7.741425037384033
max_width: 10.0
min_width: 4.0
std_width: 0.9053632020950317
centerline_fit_slope: 0.7173931971529528
centerline_fit_bias: 94.26097069851409
mean_abs_center_residual: 2.408616304397583
max_abs_center_residual: 5.630546569824219
