image_name: img_0066.png
mask_name: img_0066_pred_mask.png
valid_rows: 203
mean_width: 7.5615763664245605
max_width: 10.0
min_width: 4.0
std_width: 1.2115622758865356
centerline_fit_slope: -1.0784103330646029
centerline_fit_bias: 618.0757478819459
mean_abs_center_residual: 4.278101444244385
max_abs_center_residual: 8.10418701171875
